6d9c26b935a837f3658138bf8b5c50d4798d7e491d1d0de01c23d481e399ebbc
115.56666666666663
45.95
28.416666666666668
66.11666666666667
94.51666666666664
548.1
666.7833333333333
176.66666666666663
210.7333333333333
259.8166666666667
94.25
80.81666666666666
654.2333333333332
584.8999999999997
308.15
272.05
240.88333333333333
216.2333333333333
307.81666666666666
282.68333333333334
232.35
222.6833333333333
214.1
182.0333333333333
168.21666666666667
102.76666666666668
144.7
173.03333333333336
175.21666666666664
191.0333333333333
176.4166666666667
199.2333333333333
127.95000000000005
175.46666666666667
97.8
140.41666666666666
609.0666666666667
479.4166666666666
180.9166666666667
344.7666666666668
573.8
192.1833333333333
169.50000000000006
140.43333333333334
203.9333333333333
546.4166666666666
291.3166666666667
186.98333333333332
137.23333333333335
83.55
118.40000000000003
124.46666666666668
93.48333333333336
52.0
165.66666666666666
134.61666666666667
96.3
91.85
97.04999999999998
204.1
106.9
91.36666666666667
673.75
279.91666666666663
170.48333333333332
683.9833333333332
117.05
119.69999999999996
154.63333333333338
119.08333333333334
149.78333333333333
150.2333333333333
122.06666666666668
146.0166666666667
116.11666666666666
144.16666666666669
93.68333333333334
355.03333333333336
177.4
95.0333333333333
139.06666666666666
112.61666666666667
160.6
110.68333333333334
94.83333333333331
111.29999999999998
177.61666666666667
205.9166666666668
147.16666666666669
244.13333333333333
223.9666666666666
211.01666666666668
165.91666666666669
103.68333333333337
179.71666666666667
101.01666666666668
78.38333333333331
97.03333333333336
60.366666666666674
112.41666666666669
71.06666666666668
80.26666666666665
141.35
121.06666666666663
57.43333333333333
153.30000000000004
319.03333333333336
150.10000000000002
67.95
105.66666666666669
116.04999999999995
99.55
107.13333333333334
128.93333333333328
119.98333333333336
105.31666666666666
93.31666666666663
59.433333333333344
62.150000000000006
81.38333333333333
105.18333333333334
81.48333333333333
63.18333333333332
215.9666666666666
114.81666666666666
65.51666666666667
96.85
51.96666666666667
334.13333333333344
62.98333333333333
81.38333333333334
38.3
43.23333333333333
41.78333333333333
70.2
92.68333333333332
87.91666666666667
73.28333333333333
60.38333333333333
67.38333333333333
107.93333333333334
92.64999999999998
125.08333333333331
85.55
54.21666666666667
205.75
331.66666666666674
84.43333333333332
73.9
102.68333333333332
116.78333333333332
92.79999999999998
85.49999999999999
147.9333333333333
164.48333333333332
175.95000000000002
151.75
84.16666666666667
84.81666666666666
128.4
303.7833333333333
275.93333333333334
258.1499999999999
219.75000000000003
240.11666666666667
203.9
213.4333333333333
130.04999999999998
76.78333333333333
45.74999999999999
77.46666666666667
58.23333333333333
87.14999999999999
110.68333333333334
139.76666666666668
193.75
98.3
89.8
175.26666666666668
75.14999999999998
60.95
98.08333333333336
80.11666666666667
96.83333333333331
112.5
67.18333333333334
45.333333333333336
57.45000000000001
63.016666666666666
93.0
67.35
88.79999999999998
53.30000000000001
69.2
59.383333333333326
47.95
39.38333333333334
38.066666666666656
50.98333333333333
39.78333333333333
46.766666666666666
38.68333333333332
315.65000000000003
23.88333333333333
24.15
36.61666666666667
31.8
29.450000000000003
27.899999999999995
29.750000000000004
28.833333333333336
63.19999999999999
81.46666666666667
37.41666666666666
55.583333333333336
57.76666666666666
39.95000000000001
52.86666666666667
44.40000000000001
33.1
39.78333333333334
44.25000000000001
45.11666666666667
48.38333333333333
42.18333333333334
59.26666666666665
39.4
52.36666666666666
75.55000000000001
49.9
69.33333333333334
36.48333333333334
39.58333333333332
41.35000000000001
27.43333333333333
47.05
63.98333333333333
32.866666666666674
48.23333333333333
47.2
80.83333333333333
41.43333333333334
47.96666666666666
38.60000000000001
42.46666666666668
46.46666666666666
117.96666666666668
32.16666666666667
155.4666666666667
97.79999999999998
151.25
109.7
98.9
109.05
83.21666666666665
104.75
86.38333333333333
76.93333333333335
136.9
41.56666666666666
95.43333333333334
48.4
87.23333333333333
81.26666666666667
49.78333333333333
35.71666666666667
114.33333333333334
121.31666666666666
46.1
45.766666666666666
54.28333333333334
120.75
85.71666666666667
102.05000000000004
118.66666666666666
85.84999999999998
123.85
84.43333333333334
173.58333333333334
120.21666666666668
109.66666666666669
78.23333333333332
117.33333333333334
141.45
84.85000000000002
72.55000000000001
215.1833333333333
98.56666666666668
50.04999999999999
93.79999999999998
66.83333333333334
113.11666666666666
123.24999999999996
105.38333333333333
72.89999999999999
101.16666666666666
89.16666666666663
132.14999999999998
77.65000000000002
68.48333333333332
95.95
149.56666666666666
127.7333333333333
92.71666666666668
156.43333333333334
167.1
85.91666666666667
54.91666666666668
117.13333333333333
109.58333333333331
115.85
119.18333333333337
159.81666666666666
116.98333333333336
409.4333333333333
204.7333333333333
151.95000000000005
252.75
123.85
144.88333333333333
124.08333333333331
334.41666666666663
203.2166666666667
100.7
49.8
117.81666666666668
163.2333333333333
116.93333333333332
76.31666666666668
83.96666666666665
95.88333333333333
135.93333333333337
69.39999999999999
452.4166666666666
148.11666666666665
58.88333333333333
94.4
166.63333333333333
132.96666666666667
53.61666666666667
82.01666666666665
90.4
215.75
225.03333333333327
246.65
457.3833333333332
177.23333333333335
126.28333333333336
64.96666666666667
97.73333333333332
84.83333333333333
131.68333333333334
84.11666666666666
110.93333333333334
239.6
416.2833333333333
87.46666666666667
75.51666666666667
127.83333333333331
65.55000000000001
145.2
120.11666666666666
158.91666666666666
48.116666666666674
83.03333333333333
55.78333333333335
62.28333333333334
132.56666666666666
132.35
42.51666666666667
85.28333333333336
67.05
89.83333333333334
82.41666666666667
109.43333333333337
93.88333333333333
70.01666666666667
113.13333333333334
74.3
70.23333333333332
151.1333333333333
232.63333333333327
157.91666666666663
144.24999999999997
156.8
61.19999999999999
86.06666666666668
208.70000000000007
122.64999999999998
92.0
150.98333333333332
50.38333333333334
73.06666666666666
154.4
83.63333333333333
70.06666666666665
43.2
54.03333333333334
64.93333333333334
104.0
340.66666666666663
292.1
122.56666666666666
75.41666666666667
78.03333333333333
48.78333333333333
111.26666666666664
179.6666666666667
199.0333333333334
181.75
114.35
178.63333333333333
102.83333333333334
124.46666666666668
44.24999999999999
97.86666666666667
117.26666666666668
209.61666666666667
294.1333333333333
147.58333333333331
35.300000000000004
199.85
392.9166666666667
227.91666666666663
309.33333333333337
139.31666666666666
140.2
132.83333333333331
63.49999999999999
134.1
113.26666666666668
135.7
73.19999999999999
55.9
154.85000000000002
133.91666666666666
101.83333333333334
105.15
77.48333333333332
92.68333333333334
148.63333333333335
176.3833333333333
141.26666666666665
85.91666666666667
211.65
53.81666666666666
79.71666666666667
85.83333333333331
187.11666666666665
104.8
93.3
96.81666666666668
310.90000000000003
194.18333333333337
288.46666666666664
156.25
257.2
92.65
81.66666666666667
63.516666666666666
64.46666666666665
58.88333333333333
367.3999999999999
387.2666666666667
130.61666666666667
129.16666666666669
95.06666666666666
158.1833333333333
35.63333333333333
79.01666666666665
97.16666666666664
173.66666666666669
129.1333333333333
78.33333333333334
58.11666666666667
63.91666666666666
167.58333333333337
158.58333333333334
181.6
134.9666666666667
130.01666666666668
142.78333333333333
177.46666666666667
205.46666666666667
82.56666666666666
66.66666666666667
89.63333333333334
108.06666666666666
49.3
66.58333333333334
60.41666666666666
54.516666666666666
53.35
48.7
82.75
62.21666666666667
22.3
56.16666666666666
38.16666666666666
58.71666666666668
25.083333333333336
124.11666666666667
54.616666666666674
103.93333333333332
85.43333333333334
53.25000000000001
63.25
45.2
53.6
68.56666666666666
81.53333333333333
61.08333333333333
44.73333333333334
81.69999999999999
117.95000000000005
59.64999999999999
65.65
96.41666666666664
72.25000000000001
79.78333333333333
88.23333333333332
62.96666666666667
72.93333333333335
93.63333333333333
109.06666666666668
76.65
107.20000000000002
482.4166666666666
119.01666666666664
114.88333333333334
146.01666666666665
100.95
77.75
88.15000000000002
92.16666666666669
33.11666666666667
88.58333333333333
52.45
107.24999999999996
42.16666666666666
281.29999999999995
181.80000000000004
42.45
44.46666666666668
72.3
61.53333333333333
26.38333333333333
35.19999999999999
119.65000000000002
22.866666666666667
122.01666666666668
31.01666666666666
29.85
30.65
25.9
53.43333333333333
22.750000000000004
49.83333333333333
29.95000000000001
39.45
35.21666666666667
664.5833333333333
30.25
43.43333333333333
49.24999999999999
45.98333333333332
200.21666666666664
211.9333333333333
60.99999999999999
62.5
42.60000000000001
40.89999999999999
36.53333333333333
35.31666666666666
32.14999999999999
37.06666666666666
57.76666666666666
206.6
167.93333333333337
60.48333333333333
95.61666666666667
75.25
53.81666666666666
41.8
37.28333333333335
39.98333333333333
37.18333333333332
48.36666666666667
53.266666666666666
39.05
367.2
274.96666666666664
36.75
46.05
43.7
39.00000000000001
46.13333333333332
51.95
98.5
73.48333333333333
38.28333333333333
30.116666666666667
58.86666666666667
86.33333333333334
45.23333333333333
72.01666666666667
22.216666666666672
31.46666666666666
51.75
39.2
36.46666666666666
50.43333333333334
23.41666666666667
40.68333333333333
47.53333333333333
33.633333333333326
63.133333333333326
56.76666666666666
32.53333333333334
28.28333333333333
57.05
42.26666666666666
33.61666666666667
52.68333333333333
86.11666666666669
76.93333333333334
61.85
50.11666666666667
39.83333333333332
47.26666666666664
36.516666666666666
52.7
31.93333333333334
35.41666666666667
52.35
58.31666666666666
57.33333333333334
44.28333333333334
26.450000000000003
56.73333333333333
61.75
24.316666666666663
25.65000000000001
27.616666666666667
33.71666666666667
26.383333333333333
46.133333333333326
46.85
22.83333333333333
28.08333333333333
27.36666666666667
63.01666666666667
74.86666666666666
52.116666666666674
57.766666666666666
59.50000000000001
50.016666666666666
58.15000000000001
58.91666666666666
67.24999999999999
119.90000000000002
59.85
38.4
49.0
37.28333333333333
33.93333333333333
31.533333333333328
27.016666666666666
28.36666666666667
30.766666666666666
38.93333333333333
27.45
748.0333333333334
50.65
97.78333333333332
67.08333333333333
76.88333333333334
54.28333333333334
34.91666666666667
38.51666666666666
36.016666666666666
66.0
60.18333333333333
54.73333333333334
119.25000000000004
237.6833333333333
96.31666666666666
85.53333333333332
66.54999999999998
27.23333333333333
35.983333333333334
25.116666666666667
29.65
26.33333333333333
36.39999999999999
47.63333333333335
54.86666666666666
25.88333333333333
38.28333333333333
23.0
27.216666666666665
25.516666666666666
51.21666666666666
113.36666666666667
101.63333333333335
104.23333333333332
55.23333333333333
70.51666666666667
23.81666666666666
25.266666666666666
42.45
